24048
119538
84913
69975
105808
123638
97883
69815
104258
69960
119493
69995
93763
90928
117323
84338
102218
106463
22085
69905
93778
84913
69905
93683
84338
75833
113008
97883
69815
104258
69815
70015
106523
104278
69910
76488
22085
69830
106533
85033
84913
69910
127553
100093
121543
113158
69995
93763
90928
87103
106538
85033
114583
76488
82213
123748
119493
82913
22115
127553
99983
119433
91638
85033
69975
91508
69840
85063
93693
69995
106523
100008
69855
113073
89198
117293
103503
48318
84338
115298
103683
115193
84338
123748
119478
82213
80743
102138
69815
104258
69825
84888
116713
102138
69825
76398
97303
82873
123743
22030
119548
69845
121543
113208
69830
113173
84978
69840
76583
69875
76408
69880
117413
69920
93648
91638
87013
100073
22085
84720
69995
84978
80743
102138
69975
91508
69965
117263
113158
69995
93763
90928
123703
104263
69815
104258
69860
119453
117263
113158
22060
119478
99433
106398
69855
93748
84338
76488
82213
87123
113053
85048
87178
99253
21830
48318
84338
87078
113158
116713
121543
113158
84338
106398
69810
44003
97883
84145
78708
69715
106538
104263
114583
121513
103683
61223
104258
116533
80
